ДЕТАЛЬНЫЕ МАТРИЦЫ ОШИБОК С ВЫСОКОЙ ТОЧНОСТЬЮ
================================================================================

ШУМ: 0.0% | ТОЧНОСТЬ: 26.9841270%
----------------------------------------------------------------------
              береза          дуб          ель         клен         липа        осина        сосна 
  береза 0.8888889 0.0000000 0.0000000 0.0000000 0.1111111 0.0000000 0.0000000
     дуб 0.4444444 0.1111111 0.0000000 0.0000000 0.4444444 0.0000000 0.0000000
     ель 0.2222222 0.0000000 0.0000000 0.0000000 0.5555556 0.0000000 0.2222222
    клен 0.1111111 0.0000000 0.0000000 0.0000000 0.8888889 0.0000000 0.0000000
    липа 0.4444444 0.0000000 0.0000000 0.0000000 0.5555556 0.0000000 0.0000000
   осина 0.0000000 0.0000000 0.0000000 0.0000000 1.0000000 0.0000000 0.0000000
   сосна 0.1111111 0.0000000 0.0000000 0.0000000 0.4444444 0.1111111 0.3333333

================================================================================

ШУМ: 1.0% | ТОЧНОСТЬ: 26.9841270%
----------------------------------------------------------------------
              береза          дуб          ель         клен         липа        осина        сосна 
  береза 0.8888889 0.0000000 0.0000000 0.0000000 0.1111111 0.0000000 0.0000000
     дуб 0.4444444 0.1111111 0.0000000 0.0000000 0.4444444 0.0000000 0.0000000
     ель 0.2222222 0.0000000 0.0000000 0.0000000 0.5555556 0.0000000 0.2222222
    клен 0.1111111 0.0000000 0.0000000 0.0000000 0.8888889 0.0000000 0.0000000
    липа 0.4444444 0.0000000 0.0000000 0.0000000 0.5555556 0.0000000 0.0000000
   осина 0.0000000 0.0000000 0.0000000 0.0000000 1.0000000 0.0000000 0.0000000
   сосна 0.1111111 0.0000000 0.0000000 0.0000000 0.4444444 0.1111111 0.3333333

================================================================================

ШУМ: 5.0% | ТОЧНОСТЬ: 26.9841270%
----------------------------------------------------------------------
              береза          дуб          ель         клен         липа        осина        сосна 
  береза 0.8888889 0.0000000 0.0000000 0.0000000 0.1111111 0.0000000 0.0000000
     дуб 0.4444444 0.1111111 0.0000000 0.0000000 0.4444444 0.0000000 0.0000000
     ель 0.2222222 0.0000000 0.0000000 0.0000000 0.5555556 0.0000000 0.2222222
    клен 0.1111111 0.0000000 0.0000000 0.0000000 0.8888889 0.0000000 0.0000000
    липа 0.4444444 0.0000000 0.0000000 0.0000000 0.5555556 0.0000000 0.0000000
   осина 0.0000000 0.0000000 0.0000000 0.0000000 1.0000000 0.0000000 0.0000000
   сосна 0.1111111 0.0000000 0.0000000 0.0000000 0.4444444 0.1111111 0.3333333

================================================================================

ШУМ: 10.0% | ТОЧНОСТЬ: 23.8095238%
----------------------------------------------------------------------
              береза          дуб          ель         клен         липа        осина        сосна 
  береза 0.8888889 0.0000000 0.0000000 0.0000000 0.1111111 0.0000000 0.0000000
     дуб 0.3333333 0.0000000 0.0000000 0.0000000 0.6666667 0.0000000 0.0000000
     ель 0.2222222 0.0000000 0.0000000 0.0000000 0.4444444 0.1111111 0.2222222
    клен 0.1111111 0.0000000 0.0000000 0.0000000 0.8888889 0.0000000 0.0000000
    липа 0.4444444 0.1111111 0.0000000 0.0000000 0.3333333 0.0000000 0.1111111
   осина 0.0000000 0.0000000 0.0000000 0.0000000 1.0000000 0.0000000 0.0000000
   сосна 0.1111111 0.0000000 0.0000000 0.0000000 0.3333333 0.1111111 0.4444444

================================================================================

